    0.0000     0.00000   1.00000
   -0.0100     0.03347  -1.10695
    0.0124     0.02501   0.58169
    0.0198     0.01500   0.91029
    0.0272     0.01697   1.12696
    0.0218     0.01844   0.85733
    0.0163     0.01844   0.63207
    0.0276     0.03471   1.03739
    0.0299     0.04589   1.07097
    0.0431     0.03943   1.42640
    0.0285     0.02148   0.84315
    0.0253     0.03689   0.68894
    0.0600     0.01901   1.56913
    0.0419     0.02887   1.01146
    0.0637     0.02186   1.37555
    0.0548     0.05310   1.07309
    0.0465     0.02848   0.78721
