 -13.2877   6.3883  -6.4322 0.18444E-01 746446114102007     1
 -13.2544   6.3878  -6.4020 0.28479E-01 779444713772021     1
 -13.2917   6.3886  -6.4287 0.14996E-01 756442314002045     1
 -13.2752   6.3898  -6.3885 0.19007E-01 761432413952144     1
 -13.2880   6.3885  -6.4267 0.18444E-01 781440713752061     1
 -13.2721   6.3884  -6.4066 0.28874E-01 745443614112032     1
 -13.2893   6.3887  -6.4213 0.16974E-01 768438813882080     1
 -13.2868   6.3886  -6.4209 0.34707E-01 763440613932062     1
 -13.2797   6.3882  -6.4200 0.21477E-01 748444414082024     1
 -13.2672   6.3887  -6.3848 0.21860E-01 754434714022121     1
 -13.3044   6.3875  -6.4585 0.33470E-01 773448213831986     1
 -13.2624   6.3883  -6.3937 0.53099E-01 753440714032061     1
 -13.2833   6.3890  -6.4054 0.39428E-01 765434613912122     1
 -13.2768   6.3877  -6.4232 0.36889E-01 778442913782039     1
 -13.2921   6.3885  -6.4361 0.25009E-01 777443613792032     1
 -13.2856   6.3886  -6.4186 0.45891E-01 763441313932055     1
 -13.3135   6.3888  -6.4485 0.48838E-16 784437713722091     1
