    0.0000     0.01375
    0.0074     0.02257
    0.0105     0.00982
    0.0146     0.02750
    0.0146     0.02214
    0.0185     0.01403
    0.0191     0.01925
    0.0195     0.02178
    0.0203     0.02992
    0.0224     0.00962
    0.0226     0.03664
    0.0227     0.02161
    0.0229     0.02414
    0.0234     0.03664
    0.0234     0.02414
    0.0244     0.01021
    0.0249     0.04440
    0.0267     0.03425
    0.0271     0.01375
    0.0273     0.02257
    0.0273     0.02178
    0.0278     0.03062
    0.0278     0.03711
    0.0280     0.02265
    0.0288     0.02461
    0.0295     0.02972
    0.0299     0.03669
    0.0300     0.02390
    0.0301     0.02933
    0.0309     0.03638
    0.0315     0.02390
    0.0329     0.01403
    0.0331     0.04602
    0.0332     0.01021
    0.0334     0.01403
    0.0339     0.04194
    0.0344     0.04619
    0.0347     0.03216
    0.0347     0.03664
    0.0348     0.02178
    0.0359     0.03356
    0.0359     0.04631
    0.0363     0.03099
    0.0364     0.01712
    0.0369     0.01712
    0.0370     0.02933
    0.0371     0.03616
    0.0372     0.04321
    0.0374     0.02992
    0.0377     0.03763
    0.0385     0.01403
    0.0390     0.01403
    0.0390     0.03638
    0.0391     0.03492
    0.0393     0.05655
    0.0394     0.03492
    0.0397     0.00962
    0.0398     0.02414
    0.0399     0.03099
    0.0407     0.03263
    0.0408     0.03356
    0.0409     0.03536
    0.0410     0.01925
    0.0412     0.04101
    0.0414     0.03982
    0.0417     0.02390
    0.0423     0.03425
    0.0424     0.02461
    0.0426     0.02265
    0.0434     0.04321
    0.0435     0.02461
    0.0436     0.02161
    0.0438     0.02414
    0.0445     0.03664
    0.0445     0.02265
    0.0448     0.01712
    0.0451     0.02933
    0.0456     0.03638
    0.0456     0.02992
    0.0466     0.02461
    0.0475     0.02833
    0.0480     0.01403
    0.0485     0.01925
    0.0487     0.03616
    0.0487     0.03584
    0.0492     0.00000
    0.0492     0.04953
    0.0508     0.03099
    0.0516     0.04530
    0.0520     0.04045
    0.0520     0.03536
    0.0532     0.00962
    0.0554     0.03049
    0.0565     0.04045
    0.0578     0.01712
    0.0580     0.03763
    0.0581     0.01403
    0.0582     0.01925
    0.0590     0.02805
    0.0595     0.03118
    0.0603     0.06124
    0.0610     0.01403
    0.0614     0.04068
    0.0622     0.02750
    0.0623     0.07328
    0.0624     0.05733
    0.0628     0.03263
    0.0660     0.01375
    0.0673     0.06183
    0.0676     0.07233
    0.0686     0.04101
    0.0691     0.02992
    0.0715     0.01712
    0.0718     0.04530
    0.0739     0.02933
    0.0778     0.02187
