    0.0000     0.06624
    0.0025     0.02339
    0.0024     0.05625
    0.0003     0.01804
    0.0029     0.02954
    0.0019     0.03969
    0.0021     0.04921
    0.0011     0.03554
    0.0011     0.02954
    0.0031     0.03062
    0.0009     0.01531
    0.0005     0.01531
    0.0020     0.04677
   -0.0002     0.03853
    0.0025     0.02339
    0.0016     0.03554
    0.0011     0.06070
    0.0029     0.04254
    0.0031     0.02526
    0.0024     0.06102
    0.0019     0.00000
    0.0010     0.05052
    0.0007     0.05013
    0.0007     0.03536
    0.0009     0.02954
    0.0038     0.05279
    0.0000     0.02366
    0.0007     0.02339
   -0.0008     0.05694
    0.0015     0.02339
    0.0002     0.06384
    0.0036     0.05052
   -0.0005     0.04018
    0.0011     0.01804
    0.0014     0.02954
    0.0007     0.04300
    0.0020     0.04732
    0.0007     0.05807
    0.0020     0.02366
    0.0007     0.02954
    0.0006     0.04018
    0.0023     0.03969
   -0.0002     0.06595
   -0.0000     0.05807
    0.0022     0.05052
    0.0015     0.02366
    0.0001     0.04732
    0.0019     0.02339
    0.0015     0.05052
    0.0005     0.03554
    0.0016     0.03536
    0.0014     0.05625
   -0.0000     0.05052
    0.0021     0.04300
    0.0018     0.04732
    0.0008     0.05013
    0.0019     0.02366
    0.0026     0.02954
    0.0004     0.01768
    0.0012     0.05841
    0.0005     0.05242
    0.0016     0.03536
    0.0018     0.06827
    0.0013     0.04300
    0.0026     0.03554
    0.0031     0.07864
    0.0012     0.09171
    0.0007     0.07108
    0.0005     0.04254
    0.0002     0.05279
    0.0030     0.03920
    0.0012     0.05807
    0.0019     0.06624
    0.0002     0.04732
    0.0008     0.05242
    0.0008     0.04018
    0.0012     0.01531
    0.0002     0.02366
    0.0004     0.05896
    0.0013     0.06465
    0.0020     0.04018
    0.0009     0.08036
    0.0029     0.07578
    0.0030     0.05907
    0.0011     0.05052
   -0.0010     0.07889
    0.0013     0.06595
    0.0017     0.05013
    0.0005     0.09417
    0.0009     0.03554
    0.0013     0.05013
    0.0011     0.08181
